(kicad_pcb (version 20171130) (host pcbnew 5.0.0-rc2-dev-unknown-r12304-fabbc48b)

  (general
    (thickness 1.6)
    (drawings 9)
    (tracks 133)
    (zones 0)
    (modules 18)
    (nets 10)
  )

  (page A4)
  (layers
    (0 F.Cu signal)
    (31 B.Cu signal)
    (32 B.Adhes user)
    (33 F.Adhes user)
    (34 B.Paste user)
    (35 F.Paste user)
    (36 B.SilkS user)
    (37 F.SilkS user)
    (38 B.Mask user)
    (39 F.Mask user)
    (40 Dwgs.User user)
    (41 Cmts.User user)
    (42 Eco1.User user)
    (43 Eco2.User user)
    (44 Edge.Cuts user)
    (45 Margin user)
    (46 B.CrtYd user)
    (47 F.CrtYd user)
    (48 B.Fab user)
    (49 F.Fab user hide)
  )

  (setup
    (last_trace_width 0.25)
    (user_trace_width 0.15)
    (user_trace_width 0.2)
    (user_trace_width 0.25)
    (user_trace_width 0.3)
    (user_trace_width 0.35)
    (user_trace_width 0.4)
    (user_trace_width 0.5)
    (trace_clearance 0.2)
    (zone_clearance 0.3)
    (zone_45_only no)
    (trace_min 0.15)
    (segment_width 0.2)
    (edge_width 0.15)
    (via_size 0.6)
    (via_drill 0.3)
    (via_min_size 0.6)
    (via_min_drill 0.3)
    (user_via 0.6 0.3)
    (uvia_size 0.3)
    (uvia_drill 0.1)
    (uvias_allowed no)
    (uvia_min_size 0.2)
    (uvia_min_drill 0.1)
    (pcb_text_width 0.3)
    (pcb_text_size 1.5 1.5)
    (mod_edge_width 0.15)
    (mod_text_size 1 1)
    (mod_text_width 0.15)
    (pad_size 1.5 3.4)
    (pad_drill 0)
    (pad_to_mask_clearance 0.2)
    (aux_axis_origin 0 0)
    (visible_elements 7FFFFFFF)
    (pcbplotparams
      (layerselection 0x010fc_ffffffff)
      (usegerberextensions false)
      (usegerberattributes false)
      (usegerberadvancedattributes false)
      (creategerberjobfile false)
      (excludeedgelayer true)
      (linewidth 0.100000)
      (plotframeref false)
      (viasonmask false)
      (mode 1)
      (useauxorigin false)
      (hpglpennumber 1)
      (hpglpenspeed 20)
      (hpglpendiameter 15)
      (psnegative false)
      (psa4output false)
      (plotreference true)
      (plotvalue true)
      (plotinvisibletext false)
      (padsonsilk false)
      (subtractmaskfromsilk false)
      (outputformat 1)
      (mirror false)
      (drillshape 0)
      (scaleselection 1)
      (outputdirectory gerber/))
  )

  (net 0 "")
  (net 1 GND)
  (net 2 VCC)
  (net 3 SDA)
  (net 4 SCL)
  (net 5 SDA_S)
  (net 6 SCL_S)
  (net 7 +3V3)
  (net 8 "Net-(R1-Pad2)")
  (net 9 "Net-(R6-Pad2)")

  (net_class Default "This is the default net class."
    (clearance 0.2)
    (trace_width 0.25)
    (via_dia 0.6)
    (via_drill 0.3)
    (uvia_dia 0.3)
    (uvia_drill 0.1)
    (add_net +3V3)
    (add_net GND)
    (add_net "Net-(R1-Pad2)")
    (add_net "Net-(R6-Pad2)")
    (add_net SCL)
    (add_net SCL_S)
    (add_net SDA)
    (add_net SDA_S)
    (add_net VCC)
  )

  (module MountingHole:MountingHole_3.2mm_M3 locked (layer F.Cu) (tedit 5BE32D30) (tstamp 5BE33D85)
    (at 132.5 111)
    (descr "Mounting Hole 3.2mm, no annular, M3")
    (tags "mounting hole 3.2mm no annular m3")
    (attr virtual)
    (fp_text reference REF** (at 0 -4.2) (layer F.SilkS) hide
      (effects (font (size 1 1) (thickness 0.15)))
    )
    (fp_text value MountingHole_3.2mm_M3 (at 0 4.2) (layer F.Fab)
      (effects (font (size 1 1) (thickness 0.15)))
    )
    (fp_text user %R (at 0.3 0) (layer F.Fab)
      (effects (font (size 1 1) (thickness 0.15)))
    )
    (fp_circle (center 0 0) (end 3.2 0) (layer Cmts.User) (width 0.15))
    (fp_circle (center 0 0) (end 3.45 0) (layer F.CrtYd) (width 0.05))
    (pad 1 np_thru_hole circle (at 0 0) (size 3.2 3.2) (drill 3.2) (layers *.Cu *.Mask))
  )

  (module Package_TO_SOT_SMD:SOT-23 (layer F.Cu) (tedit 5ABE519D) (tstamp 5ACECE0A)
    (at 141 105 90)
    (descr "SOT-23, Standard")
    (tags SOT-23)
    (path /5ABEAC8D)
    (attr smd)
    (fp_text reference Q1 (at 0 -2.5 90) (layer F.SilkS) hide
      (effects (font (size 1 1) (thickness 0.15)))
    )
    (fp_text value BSS138 (at 0 2.5 90) (layer F.Fab)
      (effects (font (size 1 1) (thickness 0.15)))
    )
    (fp_text user %R (at 0 0 -180) (layer F.Fab)
      (effects (font (size 0.5 0.5) (thickness 0.075)))
    )
    (fp_line (start -0.7 -0.95) (end -0.7 1.5) (layer F.Fab) (width 0.1))
    (fp_line (start -0.15 -1.52) (end 0.7 -1.52) (layer F.Fab) (width 0.1))
    (fp_line (start -0.7 -0.95) (end -0.15 -1.52) (layer F.Fab) (width 0.1))
    (fp_line (start 0.7 -1.52) (end 0.7 1.52) (layer F.Fab) (width 0.1))
    (fp_line (start -0.7 1.52) (end 0.7 1.52) (layer F.Fab) (width 0.1))
    (fp_line (start 0.76 1.58) (end 0.76 0.65) (layer F.SilkS) (width 0.12))
    (fp_line (start 0.76 -1.58) (end 0.76 -0.65) (layer F.SilkS) (width 0.12))
    (fp_line (start -1.7 -1.75) (end 1.7 -1.75) (layer F.CrtYd) (width 0.05))
    (fp_line (start 1.7 -1.75) (end 1.7 1.75) (layer F.CrtYd) (width 0.05))
    (fp_line (start 1.7 1.75) (end -1.7 1.75) (layer F.CrtYd) (width 0.05))
    (fp_line (start -1.7 1.75) (end -1.7 -1.75) (layer F.CrtYd) (width 0.05))
    (fp_line (start 0.76 -1.58) (end -1.4 -1.58) (layer F.SilkS) (width 0.12))
    (fp_line (start 0.76 1.58) (end -0.7 1.58) (layer F.SilkS) (width 0.12))
    (pad 1 smd rect (at -1 -0.95 90) (size 0.9 0.8) (layers F.Cu F.Paste F.Mask)
      (net 7 +3V3))
    (pad 2 smd rect (at -1 0.95 90) (size 0.9 0.8) (layers F.Cu F.Paste F.Mask)
      (net 5 SDA_S))
    (pad 3 smd rect (at 1 0 90) (size 0.9 0.8) (layers F.Cu F.Paste F.Mask)
      (net 3 SDA))
    (model ${KISYS3DMOD}/Package_TO_SOT_SMD.3dshapes/SOT-23.wrl
      (at (xyz 0 0 0))
      (scale (xyz 1 1 1))
      (rotate (xyz 0 0 0))
    )
  )

  (module Package_TO_SOT_SMD:SOT-23 (layer F.Cu) (tedit 5ABE518E) (tstamp 5ACEC36E)
    (at 137.5 105 90)
    (descr "SOT-23, Standard")
    (tags SOT-23)
    (path /5ABEAF9B)
    (attr smd)
    (fp_text reference Q2 (at 0 -2.5 90) (layer F.SilkS) hide
      (effects (font (size 1 1) (thickness 0.15)))
    )
    (fp_text value BSS138 (at 0 2.5 90) (layer F.Fab)
      (effects (font (size 1 1) (thickness 0.15)))
    )
    (fp_line (start 0.76 1.58) (end -0.7 1.58) (layer F.SilkS) (width 0.12))
    (fp_line (start 0.76 -1.58) (end -1.4 -1.58) (layer F.SilkS) (width 0.12))
    (fp_line (start -1.7 1.75) (end -1.7 -1.75) (layer F.CrtYd) (width 0.05))
    (fp_line (start 1.7 1.75) (end -1.7 1.75) (layer F.CrtYd) (width 0.05))
    (fp_line (start 1.7 -1.75) (end 1.7 1.75) (layer F.CrtYd) (width 0.05))
    (fp_line (start -1.7 -1.75) (end 1.7 -1.75) (layer F.CrtYd) (width 0.05))
    (fp_line (start 0.76 -1.58) (end 0.76 -0.65) (layer F.SilkS) (width 0.12))
    (fp_line (start 0.76 1.58) (end 0.76 0.65) (layer F.SilkS) (width 0.12))
    (fp_line (start -0.7 1.52) (end 0.7 1.52) (layer F.Fab) (width 0.1))
    (fp_line (start 0.7 -1.52) (end 0.7 1.52) (layer F.Fab) (width 0.1))
    (fp_line (start -0.7 -0.95) (end -0.15 -1.52) (layer F.Fab) (width 0.1))
    (fp_line (start -0.15 -1.52) (end 0.7 -1.52) (layer F.Fab) (width 0.1))
    (fp_line (start -0.7 -0.95) (end -0.7 1.5) (layer F.Fab) (width 0.1))
    (fp_text user %R (at 0 0 -180) (layer F.Fab)
      (effects (font (size 0.5 0.5) (thickness 0.075)))
    )
    (pad 3 smd rect (at 1 0 90) (size 0.9 0.8) (layers F.Cu F.Paste F.Mask)
      (net 4 SCL))
    (pad 2 smd rect (at -1 0.95 90) (size 0.9 0.8) (layers F.Cu F.Paste F.Mask)
      (net 6 SCL_S))
    (pad 1 smd rect (at -1 -0.95 90) (size 0.9 0.8) (layers F.Cu F.Paste F.Mask)
      (net 7 +3V3))
    (model ${KISYS3DMOD}/Package_TO_SOT_SMD.3dshapes/SOT-23.wrl
      (at (xyz 0 0 0))
      (scale (xyz 1 1 1))
      (rotate (xyz 0 0 0))
    )
  )

  (module Package_TO_SOT_SMD:SOT-23-5 (layer F.Cu) (tedit 5ABE5182) (tstamp 5ACEBD60)
    (at 149.5 105 180)
    (descr "5-pin SOT23 package")
    (tags SOT-23-5)
    (path /5ABFA087)
    (attr smd)
    (fp_text reference U2 (at 0 -2.9 180) (layer F.SilkS) hide
      (effects (font (size 1 1) (thickness 0.15)))
    )
    (fp_text value AP2127K-3.3 (at 0 2.9 180) (layer F.Fab)
      (effects (font (size 1 1) (thickness 0.15)))
    )
    (fp_text user %R (at 0 0 -90) (layer F.Fab)
      (effects (font (size 0.5 0.5) (thickness 0.075)))
    )
    (fp_line (start -0.9 1.61) (end 0.9 1.61) (layer F.SilkS) (width 0.12))
    (fp_line (start 0.9 -1.61) (end -1.55 -1.61) (layer F.SilkS) (width 0.12))
    (fp_line (start -1.9 -1.8) (end 1.9 -1.8) (layer F.CrtYd) (width 0.05))
    (fp_line (start 1.9 -1.8) (end 1.9 1.8) (layer F.CrtYd) (width 0.05))
    (fp_line (start 1.9 1.8) (end -1.9 1.8) (layer F.CrtYd) (width 0.05))
    (fp_line (start -1.9 1.8) (end -1.9 -1.8) (layer F.CrtYd) (width 0.05))
    (fp_line (start -0.9 -0.9) (end -0.25 -1.55) (layer F.Fab) (width 0.1))
    (fp_line (start 0.9 -1.55) (end -0.25 -1.55) (layer F.Fab) (width 0.1))
    (fp_line (start -0.9 -0.9) (end -0.9 1.55) (layer F.Fab) (width 0.1))
    (fp_line (start 0.9 1.55) (end -0.9 1.55) (layer F.Fab) (width 0.1))
    (fp_line (start 0.9 -1.55) (end 0.9 1.55) (layer F.Fab) (width 0.1))
    (pad 1 smd rect (at -1.1 -0.95 180) (size 1.06 0.65) (layers F.Cu F.Paste F.Mask)
      (net 2 VCC))
    (pad 2 smd rect (at -1.1 0 180) (size 1.06 0.65) (layers F.Cu F.Paste F.Mask)
      (net 1 GND))
    (pad 3 smd rect (at -1.1 0.95 180) (size 1.06 0.65) (layers F.Cu F.Paste F.Mask)
      (net 2 VCC))
    (pad 4 smd rect (at 1.1 0.95 180) (size 1.06 0.65) (layers F.Cu F.Paste F.Mask))
    (pad 5 smd rect (at 1.1 -0.95 180) (size 1.06 0.65) (layers F.Cu F.Paste F.Mask)
      (net 7 +3V3))
    (model ${KISYS3DMOD}/Package_TO_SOT_SMD.3dshapes/SOT-23-5.wrl
      (at (xyz 0 0 0))
      (scale (xyz 1 1 1))
      (rotate (xyz 0 0 0))
    )
  )

  (module Capacitor_SMD:C_0603_1608Metric (layer F.Cu) (tedit 5B27C34E) (tstamp 5B5C9827)
    (at 145 99.75)
    (descr "Capacitor SMD 0603 (1608 Metric), square (rectangular) end terminal, IPC_7351 nominal, (Body size source: http://www.tortai-tech.com/upload/download/2011102023233369053.pdf), generated with kicad-footprint-generator")
    (tags capacitor)
    (path /5B27E6D4)
    (attr smd)
    (fp_text reference C1 (at 0 -1.65) (layer F.SilkS) hide
      (effects (font (size 1 1) (thickness 0.15)))
    )
    (fp_text value 4.7uF (at 0 1.65) (layer F.Fab)
      (effects (font (size 1 1) (thickness 0.15)))
    )
    (fp_text user %R (at 0 0) (layer F.Fab)
      (effects (font (size 0.5 0.5) (thickness 0.08)))
    )
    (fp_line (start 1.46 0.75) (end -1.46 0.75) (layer F.CrtYd) (width 0.05))
    (fp_line (start 1.46 -0.75) (end 1.46 0.75) (layer F.CrtYd) (width 0.05))
    (fp_line (start -1.46 -0.75) (end 1.46 -0.75) (layer F.CrtYd) (width 0.05))
    (fp_line (start -1.46 0.75) (end -1.46 -0.75) (layer F.CrtYd) (width 0.05))
    (fp_line (start -0.22 0.51) (end 0.22 0.51) (layer F.SilkS) (width 0.12))
    (fp_line (start -0.22 -0.51) (end 0.22 -0.51) (layer F.SilkS) (width 0.12))
    (fp_line (start 0.8 0.4) (end -0.8 0.4) (layer F.Fab) (width 0.1))
    (fp_line (start 0.8 -0.4) (end 0.8 0.4) (layer F.Fab) (width 0.1))
    (fp_line (start -0.8 -0.4) (end 0.8 -0.4) (layer F.Fab) (width 0.1))
    (fp_line (start -0.8 0.4) (end -0.8 -0.4) (layer F.Fab) (width 0.1))
    (pad 2 smd rect (at 0.875 0) (size 0.67 1) (layers F.Cu F.Paste F.Mask)
      (net 1 GND))
    (pad 1 smd rect (at -0.875 0) (size 0.67 1) (layers F.Cu F.Paste F.Mask)
      (net 7 +3V3))
    (model ${KISYS3DMOD}/Capacitor_SMD.3dshapes/C_0603_1608Metric.wrl
      (at (xyz 0 0 0))
      (scale (xyz 1 1 1))
      (rotate (xyz 0 0 0))
    )
  )

  (module Capacitor_SMD:C_0603_1608Metric (layer F.Cu) (tedit 5B27C341) (tstamp 5B5C9837)
    (at 145 101.25)
    (descr "Capacitor SMD 0603 (1608 Metric), square (rectangular) end terminal, IPC_7351 nominal, (Body size source: http://www.tortai-tech.com/upload/download/2011102023233369053.pdf), generated with kicad-footprint-generator")
    (tags capacitor)
    (path /5ABE2574)
    (attr smd)
    (fp_text reference C2 (at 0 -1.65) (layer F.SilkS) hide
      (effects (font (size 1 1) (thickness 0.15)))
    )
    (fp_text value 0.1uF (at 0 1.65) (layer F.Fab)
      (effects (font (size 1 1) (thickness 0.15)))
    )
    (fp_line (start -0.8 0.4) (end -0.8 -0.4) (layer F.Fab) (width 0.1))
    (fp_line (start -0.8 -0.4) (end 0.8 -0.4) (layer F.Fab) (width 0.1))
    (fp_line (start 0.8 -0.4) (end 0.8 0.4) (layer F.Fab) (width 0.1))
    (fp_line (start 0.8 0.4) (end -0.8 0.4) (layer F.Fab) (width 0.1))
    (fp_line (start -0.22 -0.51) (end 0.22 -0.51) (layer F.SilkS) (width 0.12))
    (fp_line (start -0.22 0.51) (end 0.22 0.51) (layer F.SilkS) (width 0.12))
    (fp_line (start -1.46 0.75) (end -1.46 -0.75) (layer F.CrtYd) (width 0.05))
    (fp_line (start -1.46 -0.75) (end 1.46 -0.75) (layer F.CrtYd) (width 0.05))
    (fp_line (start 1.46 -0.75) (end 1.46 0.75) (layer F.CrtYd) (width 0.05))
    (fp_line (start 1.46 0.75) (end -1.46 0.75) (layer F.CrtYd) (width 0.05))
    (fp_text user %R (at 0 0) (layer F.Fab)
      (effects (font (size 0.5 0.5) (thickness 0.08)))
    )
    (pad 1 smd rect (at -0.875 0) (size 0.67 1) (layers F.Cu F.Paste F.Mask)
      (net 7 +3V3))
    (pad 2 smd rect (at 0.875 0) (size 0.67 1) (layers F.Cu F.Paste F.Mask)
      (net 1 GND))
    (model ${KISYS3DMOD}/Capacitor_SMD.3dshapes/C_0603_1608Metric.wrl
      (at (xyz 0 0 0))
      (scale (xyz 1 1 1))
      (rotate (xyz 0 0 0))
    )
  )

  (module Capacitor_SMD:C_0603_1608Metric (layer F.Cu) (tedit 5B27C348) (tstamp 5B5C9847)
    (at 149.5 102.25 180)
    (descr "Capacitor SMD 0603 (1608 Metric), square (rectangular) end terminal, IPC_7351 nominal, (Body size source: http://www.tortai-tech.com/upload/download/2011102023233369053.pdf), generated with kicad-footprint-generator")
    (tags capacitor)
    (path /5ABFCA41)
    (attr smd)
    (fp_text reference C4 (at 0 -1.65 180) (layer F.SilkS) hide
      (effects (font (size 1 1) (thickness 0.15)))
    )
    (fp_text value 1uF (at 0 1.65 180) (layer F.Fab)
      (effects (font (size 1 1) (thickness 0.15)))
    )
    (fp_text user %R (at 0 0 180) (layer F.Fab)
      (effects (font (size 0.5 0.5) (thickness 0.08)))
    )
    (fp_line (start 1.46 0.75) (end -1.46 0.75) (layer F.CrtYd) (width 0.05))
    (fp_line (start 1.46 -0.75) (end 1.46 0.75) (layer F.CrtYd) (width 0.05))
    (fp_line (start -1.46 -0.75) (end 1.46 -0.75) (layer F.CrtYd) (width 0.05))
    (fp_line (start -1.46 0.75) (end -1.46 -0.75) (layer F.CrtYd) (width 0.05))
    (fp_line (start -0.22 0.51) (end 0.22 0.51) (layer F.SilkS) (width 0.12))
    (fp_line (start -0.22 -0.51) (end 0.22 -0.51) (layer F.SilkS) (width 0.12))
    (fp_line (start 0.8 0.4) (end -0.8 0.4) (layer F.Fab) (width 0.1))
    (fp_line (start 0.8 -0.4) (end 0.8 0.4) (layer F.Fab) (width 0.1))
    (fp_line (start -0.8 -0.4) (end 0.8 -0.4) (layer F.Fab) (width 0.1))
    (fp_line (start -0.8 0.4) (end -0.8 -0.4) (layer F.Fab) (width 0.1))
    (pad 2 smd rect (at 0.875 0 180) (size 0.67 1) (layers F.Cu F.Paste F.Mask)
      (net 1 GND))
    (pad 1 smd rect (at -0.875 0 180) (size 0.67 1) (layers F.Cu F.Paste F.Mask)
      (net 2 VCC))
    (model ${KISYS3DMOD}/Capacitor_SMD.3dshapes/C_0603_1608Metric.wrl
      (at (xyz 0 0 0))
      (scale (xyz 1 1 1))
      (rotate (xyz 0 0 0))
    )
  )

  (module Capacitor_SMD:C_0603_1608Metric (layer F.Cu) (tedit 5B27C343) (tstamp 5B5C9857)
    (at 149.5 107.75)
    (descr "Capacitor SMD 0603 (1608 Metric), square (rectangular) end terminal, IPC_7351 nominal, (Body size source: http://www.tortai-tech.com/upload/download/2011102023233369053.pdf), generated with kicad-footprint-generator")
    (tags capacitor)
    (path /5AC0177F)
    (attr smd)
    (fp_text reference C5 (at 0 -1.65) (layer F.SilkS) hide
      (effects (font (size 1 1) (thickness 0.15)))
    )
    (fp_text value 1uF (at 0 1.65) (layer F.Fab)
      (effects (font (size 1 1) (thickness 0.15)))
    )
    (fp_line (start -0.8 0.4) (end -0.8 -0.4) (layer F.Fab) (width 0.1))
    (fp_line (start -0.8 -0.4) (end 0.8 -0.4) (layer F.Fab) (width 0.1))
    (fp_line (start 0.8 -0.4) (end 0.8 0.4) (layer F.Fab) (width 0.1))
    (fp_line (start 0.8 0.4) (end -0.8 0.4) (layer F.Fab) (width 0.1))
    (fp_line (start -0.22 -0.51) (end 0.22 -0.51) (layer F.SilkS) (width 0.12))
    (fp_line (start -0.22 0.51) (end 0.22 0.51) (layer F.SilkS) (width 0.12))
    (fp_line (start -1.46 0.75) (end -1.46 -0.75) (layer F.CrtYd) (width 0.05))
    (fp_line (start -1.46 -0.75) (end 1.46 -0.75) (layer F.CrtYd) (width 0.05))
    (fp_line (start 1.46 -0.75) (end 1.46 0.75) (layer F.CrtYd) (width 0.05))
    (fp_line (start 1.46 0.75) (end -1.46 0.75) (layer F.CrtYd) (width 0.05))
    (fp_text user %R (at 0 0) (layer F.Fab)
      (effects (font (size 0.5 0.5) (thickness 0.08)))
    )
    (pad 1 smd rect (at -0.875 0) (size 0.67 1) (layers F.Cu F.Paste F.Mask)
      (net 7 +3V3))
    (pad 2 smd rect (at 0.875 0) (size 0.67 1) (layers F.Cu F.Paste F.Mask)
      (net 1 GND))
    (model ${KISYS3DMOD}/Capacitor_SMD.3dshapes/C_0603_1608Metric.wrl
      (at (xyz 0 0 0))
      (scale (xyz 1 1 1))
      (rotate (xyz 0 0 0))
    )
  )

  (module Resistor_SMD:R_0603_1608Metric (layer F.Cu) (tedit 5B27C31F) (tstamp 5B5C9BE8)
    (at 144 109 90)
    (descr "Resistor SMD 0603 (1608 Metric), square (rectangular) end terminal, IPC_7351 nominal, (Body size source: http://www.tortai-tech.com/upload/download/2011102023233369053.pdf), generated with kicad-footprint-generator")
    (tags resistor)
    (path /5B29A87D)
    (attr smd)
    (fp_text reference R1 (at 0 -1.65 90) (layer F.SilkS) hide
      (effects (font (size 1 1) (thickness 0.15)))
    )
    (fp_text value 10k (at 0 1.65 90) (layer F.Fab)
      (effects (font (size 1 1) (thickness 0.15)))
    )
    (fp_line (start -0.8 0.4) (end -0.8 -0.4) (layer F.Fab) (width 0.1))
    (fp_line (start -0.8 -0.4) (end 0.8 -0.4) (layer F.Fab) (width 0.1))
    (fp_line (start 0.8 -0.4) (end 0.8 0.4) (layer F.Fab) (width 0.1))
    (fp_line (start 0.8 0.4) (end -0.8 0.4) (layer F.Fab) (width 0.1))
    (fp_line (start -0.22 -0.51) (end 0.22 -0.51) (layer F.SilkS) (width 0.12))
    (fp_line (start -0.22 0.51) (end 0.22 0.51) (layer F.SilkS) (width 0.12))
    (fp_line (start -1.46 0.75) (end -1.46 -0.75) (layer F.CrtYd) (width 0.05))
    (fp_line (start -1.46 -0.75) (end 1.46 -0.75) (layer F.CrtYd) (width 0.05))
    (fp_line (start 1.46 -0.75) (end 1.46 0.75) (layer F.CrtYd) (width 0.05))
    (fp_line (start 1.46 0.75) (end -1.46 0.75) (layer F.CrtYd) (width 0.05))
    (fp_text user %R (at 0 0 90) (layer F.Fab)
      (effects (font (size 0.5 0.5) (thickness 0.08)))
    )
    (pad 1 smd rect (at -0.875 0 90) (size 0.67 1) (layers F.Cu F.Paste F.Mask)
      (net 7 +3V3))
    (pad 2 smd rect (at 0.875 0 90) (size 0.67 1) (layers F.Cu F.Paste F.Mask)
      (net 8 "Net-(R1-Pad2)"))
    (model ${KISYS3DMOD}/Resistor_SMD.3dshapes/R_0603_1608Metric.wrl
      (at (xyz 0 0 0))
      (scale (xyz 1 1 1))
      (rotate (xyz 0 0 0))
    )
  )

  (module Resistor_SMD:R_0603_1608Metric (layer F.Cu) (tedit 5B27C332) (tstamp 5B5C9878)
    (at 141 102 180)
    (descr "Resistor SMD 0603 (1608 Metric), square (rectangular) end terminal, IPC_7351 nominal, (Body size source: http://www.tortai-tech.com/upload/download/2011102023233369053.pdf), generated with kicad-footprint-generator")
    (tags resistor)
    (path /5ABF1B9E)
    (attr smd)
    (fp_text reference R2 (at 0 -1.65 180) (layer F.SilkS) hide
      (effects (font (size 1 1) (thickness 0.15)))
    )
    (fp_text value 10k (at 0 1.65 180) (layer F.Fab)
      (effects (font (size 1 1) (thickness 0.15)))
    )
    (fp_line (start -0.8 0.4) (end -0.8 -0.4) (layer F.Fab) (width 0.1))
    (fp_line (start -0.8 -0.4) (end 0.8 -0.4) (layer F.Fab) (width 0.1))
    (fp_line (start 0.8 -0.4) (end 0.8 0.4) (layer F.Fab) (width 0.1))
    (fp_line (start 0.8 0.4) (end -0.8 0.4) (layer F.Fab) (width 0.1))
    (fp_line (start -0.22 -0.51) (end 0.22 -0.51) (layer F.SilkS) (width 0.12))
    (fp_line (start -0.22 0.51) (end 0.22 0.51) (layer F.SilkS) (width 0.12))
    (fp_line (start -1.46 0.75) (end -1.46 -0.75) (layer F.CrtYd) (width 0.05))
    (fp_line (start -1.46 -0.75) (end 1.46 -0.75) (layer F.CrtYd) (width 0.05))
    (fp_line (start 1.46 -0.75) (end 1.46 0.75) (layer F.CrtYd) (width 0.05))
    (fp_line (start 1.46 0.75) (end -1.46 0.75) (layer F.CrtYd) (width 0.05))
    (fp_text user %R (at 0 0 180) (layer F.Fab)
      (effects (font (size 0.5 0.5) (thickness 0.08)))
    )
    (pad 1 smd rect (at -0.875 0 180) (size 0.67 1) (layers F.Cu F.Paste F.Mask)
      (net 3 SDA))
    (pad 2 smd rect (at 0.875 0 180) (size 0.67 1) (layers F.Cu F.Paste F.Mask)
      (net 2 VCC))
    (model ${KISYS3DMOD}/Resistor_SMD.3dshapes/R_0603_1608Metric.wrl
      (at (xyz 0 0 0))
      (scale (xyz 1 1 1))
      (rotate (xyz 0 0 0))
    )
  )

  (module Resistor_SMD:R_0603_1608Metric (layer F.Cu) (tedit 5B27C33E) (tstamp 5B5C9888)
    (at 141 108 180)
    (descr "Resistor SMD 0603 (1608 Metric), square (rectangular) end terminal, IPC_7351 nominal, (Body size source: http://www.tortai-tech.com/upload/download/2011102023233369053.pdf), generated with kicad-footprint-generator")
    (tags resistor)
    (path /5ABEC103)
    (attr smd)
    (fp_text reference R3 (at 0 -1.65 180) (layer F.SilkS) hide
      (effects (font (size 1 1) (thickness 0.15)))
    )
    (fp_text value 10k (at 0 1.65 180) (layer F.Fab)
      (effects (font (size 1 1) (thickness 0.15)))
    )
    (fp_line (start -0.8 0.4) (end -0.8 -0.4) (layer F.Fab) (width 0.1))
    (fp_line (start -0.8 -0.4) (end 0.8 -0.4) (layer F.Fab) (width 0.1))
    (fp_line (start 0.8 -0.4) (end 0.8 0.4) (layer F.Fab) (width 0.1))
    (fp_line (start 0.8 0.4) (end -0.8 0.4) (layer F.Fab) (width 0.1))
    (fp_line (start -0.22 -0.51) (end 0.22 -0.51) (layer F.SilkS) (width 0.12))
    (fp_line (start -0.22 0.51) (end 0.22 0.51) (layer F.SilkS) (width 0.12))
    (fp_line (start -1.46 0.75) (end -1.46 -0.75) (layer F.CrtYd) (width 0.05))
    (fp_line (start -1.46 -0.75) (end 1.46 -0.75) (layer F.CrtYd) (width 0.05))
    (fp_line (start 1.46 -0.75) (end 1.46 0.75) (layer F.CrtYd) (width 0.05))
    (fp_line (start 1.46 0.75) (end -1.46 0.75) (layer F.CrtYd) (width 0.05))
    (fp_text user %R (at 0 0 180) (layer F.Fab)
      (effects (font (size 0.5 0.5) (thickness 0.08)))
    )
    (pad 1 smd rect (at -0.875 0 180) (size 0.67 1) (layers F.Cu F.Paste F.Mask)
      (net 5 SDA_S))
    (pad 2 smd rect (at 0.875 0 180) (size 0.67 1) (layers F.Cu F.Paste F.Mask)
      (net 7 +3V3))
    (model ${KISYS3DMOD}/Resistor_SMD.3dshapes/R_0603_1608Metric.wrl
      (at (xyz 0 0 0))
      (scale (xyz 1 1 1))
      (rotate (xyz 0 0 0))
    )
  )

  (module Resistor_SMD:R_0603_1608Metric (layer F.Cu) (tedit 5B27C32F) (tstamp 5B5C9898)
    (at 137.5 102)
    (descr "Resistor SMD 0603 (1608 Metric), square (rectangular) end terminal, IPC_7351 nominal, (Body size source: http://www.tortai-tech.com/upload/download/2011102023233369053.pdf), generated with kicad-footprint-generator")
    (tags resistor)
    (path /5ABF2EDC)
    (attr smd)
    (fp_text reference R4 (at 0 -1.65) (layer F.SilkS) hide
      (effects (font (size 1 1) (thickness 0.15)))
    )
    (fp_text value 10k (at 0 1.65) (layer F.Fab)
      (effects (font (size 1 1) (thickness 0.15)))
    )
    (fp_text user %R (at 0 0) (layer F.Fab)
      (effects (font (size 0.5 0.5) (thickness 0.08)))
    )
    (fp_line (start 1.46 0.75) (end -1.46 0.75) (layer F.CrtYd) (width 0.05))
    (fp_line (start 1.46 -0.75) (end 1.46 0.75) (layer F.CrtYd) (width 0.05))
    (fp_line (start -1.46 -0.75) (end 1.46 -0.75) (layer F.CrtYd) (width 0.05))
    (fp_line (start -1.46 0.75) (end -1.46 -0.75) (layer F.CrtYd) (width 0.05))
    (fp_line (start -0.22 0.51) (end 0.22 0.51) (layer F.SilkS) (width 0.12))
    (fp_line (start -0.22 -0.51) (end 0.22 -0.51) (layer F.SilkS) (width 0.12))
    (fp_line (start 0.8 0.4) (end -0.8 0.4) (layer F.Fab) (width 0.1))
    (fp_line (start 0.8 -0.4) (end 0.8 0.4) (layer F.Fab) (width 0.1))
    (fp_line (start -0.8 -0.4) (end 0.8 -0.4) (layer F.Fab) (width 0.1))
    (fp_line (start -0.8 0.4) (end -0.8 -0.4) (layer F.Fab) (width 0.1))
    (pad 2 smd rect (at 0.875 0) (size 0.67 1) (layers F.Cu F.Paste F.Mask)
      (net 2 VCC))
    (pad 1 smd rect (at -0.875 0) (size 0.67 1) (layers F.Cu F.Paste F.Mask)
      (net 4 SCL))
    (model ${KISYS3DMOD}/Resistor_SMD.3dshapes/R_0603_1608Metric.wrl
      (at (xyz 0 0 0))
      (scale (xyz 1 1 1))
      (rotate (xyz 0 0 0))
    )
  )

  (module Resistor_SMD:R_0603_1608Metric (layer F.Cu) (tedit 5B27C33C) (tstamp 5B5C98A8)
    (at 137.75 108 180)
    (descr "Resistor SMD 0603 (1608 Metric), square (rectangular) end terminal, IPC_7351 nominal, (Body size source: http://www.tortai-tech.com/upload/download/2011102023233369053.pdf), generated with kicad-footprint-generator")
    (tags resistor)
    (path /5ABED6AE)
    (attr smd)
    (fp_text reference R5 (at 0 -1.65 180) (layer F.SilkS) hide
      (effects (font (size 1 1) (thickness 0.15)))
    )
    (fp_text value 10k (at 0 1.65 180) (layer F.Fab)
      (effects (font (size 1 1) (thickness 0.15)))
    )
    (fp_text user %R (at 0 0 180) (layer F.Fab)
      (effects (font (size 0.5 0.5) (thickness 0.08)))
    )
    (fp_line (start 1.46 0.75) (end -1.46 0.75) (layer F.CrtYd) (width 0.05))
    (fp_line (start 1.46 -0.75) (end 1.46 0.75) (layer F.CrtYd) (width 0.05))
    (fp_line (start -1.46 -0.75) (end 1.46 -0.75) (layer F.CrtYd) (width 0.05))
    (fp_line (start -1.46 0.75) (end -1.46 -0.75) (layer F.CrtYd) (width 0.05))
    (fp_line (start -0.22 0.51) (end 0.22 0.51) (layer F.SilkS) (width 0.12))
    (fp_line (start -0.22 -0.51) (end 0.22 -0.51) (layer F.SilkS) (width 0.12))
    (fp_line (start 0.8 0.4) (end -0.8 0.4) (layer F.Fab) (width 0.1))
    (fp_line (start 0.8 -0.4) (end 0.8 0.4) (layer F.Fab) (width 0.1))
    (fp_line (start -0.8 -0.4) (end 0.8 -0.4) (layer F.Fab) (width 0.1))
    (fp_line (start -0.8 0.4) (end -0.8 -0.4) (layer F.Fab) (width 0.1))
    (pad 2 smd rect (at 0.875 0 180) (size 0.67 1) (layers F.Cu F.Paste F.Mask)
      (net 7 +3V3))
    (pad 1 smd rect (at -0.875 0 180) (size 0.67 1) (layers F.Cu F.Paste F.Mask)
      (net 6 SCL_S))
    (model ${KISYS3DMOD}/Resistor_SMD.3dshapes/R_0603_1608Metric.wrl
      (at (xyz 0 0 0))
      (scale (xyz 1 1 1))
      (rotate (xyz 0 0 0))
    )
  )

  (module Resistor_SMD:R_0603_1608Metric (layer F.Cu) (tedit 5B27C32B) (tstamp 5B5C992C)
    (at 146 109 90)
    (descr "Resistor SMD 0603 (1608 Metric), square (rectangular) end terminal, IPC_7351 nominal, (Body size source: http://www.tortai-tech.com/upload/download/2011102023233369053.pdf), generated with kicad-footprint-generator")
    (tags resistor)
    (path /5B29BF03)
    (attr smd)
    (fp_text reference R6 (at 0 -1.65 90) (layer F.SilkS) hide
      (effects (font (size 1 1) (thickness 0.15)))
    )
    (fp_text value 10k (at 0 1.65 90) (layer F.Fab)
      (effects (font (size 1 1) (thickness 0.15)))
    )
    (fp_text user %R (at 0 0 90) (layer F.Fab)
      (effects (font (size 0.5 0.5) (thickness 0.08)))
    )
    (fp_line (start 1.46 0.75) (end -1.46 0.75) (layer F.CrtYd) (width 0.05))
    (fp_line (start 1.46 -0.75) (end 1.46 0.75) (layer F.CrtYd) (width 0.05))
    (fp_line (start -1.46 -0.75) (end 1.46 -0.75) (layer F.CrtYd) (width 0.05))
    (fp_line (start -1.46 0.75) (end -1.46 -0.75) (layer F.CrtYd) (width 0.05))
    (fp_line (start -0.22 0.51) (end 0.22 0.51) (layer F.SilkS) (width 0.12))
    (fp_line (start -0.22 -0.51) (end 0.22 -0.51) (layer F.SilkS) (width 0.12))
    (fp_line (start 0.8 0.4) (end -0.8 0.4) (layer F.Fab) (width 0.1))
    (fp_line (start 0.8 -0.4) (end 0.8 0.4) (layer F.Fab) (width 0.1))
    (fp_line (start -0.8 -0.4) (end 0.8 -0.4) (layer F.Fab) (width 0.1))
    (fp_line (start -0.8 0.4) (end -0.8 -0.4) (layer F.Fab) (width 0.1))
    (pad 2 smd rect (at 0.875 0 90) (size 0.67 1) (layers F.Cu F.Paste F.Mask)
      (net 9 "Net-(R6-Pad2)"))
    (pad 1 smd rect (at -0.875 0 90) (size 0.67 1) (layers F.Cu F.Paste F.Mask)
      (net 7 +3V3))
    (model ${KISYS3DMOD}/Resistor_SMD.3dshapes/R_0603_1608Metric.wrl
      (at (xyz 0 0 0))
      (scale (xyz 1 1 1))
      (rotate (xyz 0 0 0))
    )
  )

  (module GiraffeTech-ST:VL53L0X locked (layer F.Cu) (tedit 5B27C337) (tstamp 5BE3387B)
    (at 145 105 90)
    (path /5B27D9AC)
    (fp_text reference U1 (at 0 -1.95 90) (layer F.SilkS) hide
      (effects (font (size 1 1) (thickness 0.15)))
    )
    (fp_text value VL53L0X (at 0 2.05 90) (layer F.Fab)
      (effects (font (size 1 1) (thickness 0.15)))
    )
    (fp_line (start -1.95 -1.15) (end 1.95 -1.15) (layer F.SilkS) (width 0.15))
    (fp_line (start 1.95 -1.15) (end 1.95 0.45) (layer F.SilkS) (width 0.15))
    (fp_line (start -1.95 -1.15) (end -1.95 1.15) (layer F.SilkS) (width 0.15))
    (fp_line (start -1.95 1.15) (end 1.95 1.15) (layer F.SilkS) (width 0.15))
    (pad 1 smd rect (at 1.64 0.8 90) (size 0.58 0.5) (layers F.Cu F.Paste F.Mask)
      (net 7 +3V3))
    (pad 12 smd rect (at 1.6 0 90) (size 0.5 0.5) (layers F.Cu F.Paste F.Mask)
      (net 1 GND))
    (pad 11 smd rect (at 1.6 -0.8 90) (size 0.5 0.5) (layers F.Cu F.Paste F.Mask)
      (net 7 +3V3))
    (pad 7 smd rect (at -1.6 -0.8 90) (size 0.5 0.5) (layers F.Cu F.Paste F.Mask)
      (net 8 "Net-(R1-Pad2)"))
    (pad 6 smd rect (at -1.6 0 90) (size 0.5 0.5) (layers F.Cu F.Paste F.Mask)
      (net 1 GND))
    (pad 5 smd rect (at -1.6 0.8 90) (size 0.5 0.5) (layers F.Cu F.Paste F.Mask)
      (net 9 "Net-(R6-Pad2)"))
    (pad 2 smd rect (at 0.8 0.8 90) (size 0.5 0.5) (layers F.Cu F.Paste F.Mask)
      (net 1 GND))
    (pad 3 smd rect (at 0 0.8 90) (size 0.5 0.5) (layers F.Cu F.Paste F.Mask)
      (net 1 GND))
    (pad 4 smd rect (at -0.8 0.8 90) (size 0.5 0.5) (layers F.Cu F.Paste F.Mask)
      (net 1 GND))
    (pad 10 smd rect (at 0.8 -0.8 90) (size 0.5 0.5) (layers F.Cu F.Paste F.Mask)
      (net 6 SCL_S))
    (pad 9 smd rect (at 0 -0.8 90) (size 0.5 0.5) (layers F.Cu F.Paste F.Mask)
      (net 5 SDA_S))
    (pad 8 smd rect (at -0.8 -0.8 90) (size 0.5 0.5) (layers F.Cu F.Paste F.Mask))
  )

  (module GiraffeTech-Utility:MakerPlayground_logo_2x2mm (layer F.Cu) (tedit 0) (tstamp 5B712859)
    (at 133.5 105.5 270)
    (fp_text reference G*** (at 0 0 270) (layer F.SilkS) hide
      (effects (font (size 1.524 1.524) (thickness 0.3)))
    )
    (fp_text value LOGO (at 0.75 0 270) (layer F.SilkS) hide
      (effects (font (size 1.524 1.524) (thickness 0.3)))
    )
    (fp_poly (pts (xy 0.992188 -0.564543) (xy 0.992164 -0.528929) (xy 0.992097 -0.495895) (xy 0.991991 -0.466261)
      (xy 0.991852 -0.440843) (xy 0.991684 -0.420459) (xy 0.991492 -0.405926) (xy 0.991282 -0.398062)
      (xy 0.99116 -0.396875) (xy 0.988207 -0.399571) (xy 0.980351 -0.407199) (xy 0.968291 -0.419067)
      (xy 0.952725 -0.434484) (xy 0.934354 -0.452758) (xy 0.913876 -0.4732) (xy 0.906847 -0.480231)
      (xy 0.823563 -0.563586) (xy 0.907875 -0.647899) (xy 0.992188 -0.732211) (xy 0.992188 -0.564543)) (layer F.SilkS) (width 0.01))
    (fp_poly (pts (xy 0.992272 -0.049513) (xy 0.991238 0.124084) (xy 0.990203 0.297682) (xy 0.731231 0.038685)
      (xy 0.472259 -0.220311) (xy 0.559597 -0.307581) (xy 0.646934 -0.394851) (xy 0.992272 -0.049513)) (layer F.SilkS) (width 0.01))
    (fp_poly (pts (xy 0.306845 -0.036934) (xy 0.315366 -0.028902) (xy 0.328804 -0.015931) (xy 0.346812 0.001638)
      (xy 0.369045 0.023463) (xy 0.39516 0.049204) (xy 0.424812 0.078521) (xy 0.457655 0.111071)
      (xy 0.493344 0.146515) (xy 0.531535 0.184511) (xy 0.571883 0.224719) (xy 0.614044 0.266798)
      (xy 0.649934 0.302669) (xy 0.992273 0.645025) (xy 0.990203 0.990203) (xy 0.559594 0.560703)
      (xy 0.128984 0.131202) (xy 0.214278 0.045757) (xy 0.235683 0.024442) (xy 0.255382 0.005068)
      (xy 0.272657 -0.011676) (xy 0.28679 -0.025103) (xy 0.297063 -0.034528) (xy 0.302757 -0.039261)
      (xy 0.303583 -0.039687) (xy 0.306845 -0.036934)) (layer F.SilkS) (width 0.01))
    (fp_poly (pts (xy 0.790777 -0.991434) (xy 0.988227 -0.990203) (xy -0.992187 0.990197) (xy -0.992187 -0.992187)
      (xy -0.601395 -0.992187) (xy -0.646963 -0.945555) (xy -0.665935 -0.926151) (xy -0.688266 -0.903332)
      (xy -0.711752 -0.879346) (xy -0.734194 -0.856442) (xy -0.745114 -0.845303) (xy -0.797697 -0.791685)
      (xy -0.698482 -0.692529) (xy -0.599266 -0.593373) (xy -0.399829 -0.79278) (xy -0.200393 -0.992187)
      (xy 0.195473 -0.992187) (xy -0.099139 -0.695955) (xy -0.39375 -0.399723) (xy -0.194618 -0.200591)
      (xy 0.199355 -0.596628) (xy 0.593328 -0.992663) (xy 0.790777 -0.991434)) (layer F.SilkS) (width 0.01))
  )

  (module Connector_JST:JST_PH_S4B-PH-SM4-TB_1x04-1MP_P2.00mm_Horizontal locked (layer B.Cu) (tedit 5BE32AD1) (tstamp 5B573AD3)
    (at 148 105.5 270)
    (descr "JST PH series connector, S4B-PH-SM4-TB (http://www.jst-mfg.com/product/pdf/eng/ePH.pdf), generated with kicad-footprint-generator")
    (tags "connector JST PH top entry")
    (path /5ABE0088)
    (attr smd)
    (fp_text reference J1 (at 0 5.8 270) (layer B.SilkS) hide
      (effects (font (size 1 1) (thickness 0.15)) (justify mirror))
    )
    (fp_text value Connector (at 0 -5.8 270) (layer B.Fab)
      (effects (font (size 1 1) (thickness 0.15)) (justify mirror))
    )
    (fp_line (start -5.95 3.2) (end -5.15 3.2) (layer B.Fab) (width 0.1))
    (fp_line (start -5.15 3.2) (end -5.15 1.6) (layer B.Fab) (width 0.1))
    (fp_line (start -5.15 1.6) (end 5.15 1.6) (layer B.Fab) (width 0.1))
    (fp_line (start 5.15 1.6) (end 5.15 3.2) (layer B.Fab) (width 0.1))
    (fp_line (start 5.15 3.2) (end 5.95 3.2) (layer B.Fab) (width 0.1))
    (fp_line (start -6.06 -0.94) (end -6.06 3.31) (layer B.SilkS) (width 0.12))
    (fp_line (start -6.06 3.31) (end -5.04 3.31) (layer B.SilkS) (width 0.12))
    (fp_line (start -5.04 3.31) (end -5.04 1.71) (layer B.SilkS) (width 0.12))
    (fp_line (start -5.04 1.71) (end -3.76 1.71) (layer B.SilkS) (width 0.12))
    (fp_line (start -3.76 1.71) (end -3.76 4.6) (layer B.SilkS) (width 0.12))
    (fp_line (start 6.06 -0.94) (end 6.06 3.31) (layer B.SilkS) (width 0.12))
    (fp_line (start 6.06 3.31) (end 5.04 3.31) (layer B.SilkS) (width 0.12))
    (fp_line (start 5.04 3.31) (end 5.04 1.71) (layer B.SilkS) (width 0.12))
    (fp_line (start 5.04 1.71) (end 3.76 1.71) (layer B.SilkS) (width 0.12))
    (fp_line (start -4.34 -4.51) (end 4.34 -4.51) (layer B.SilkS) (width 0.12))
    (fp_line (start -5.95 -4.4) (end 5.95 -4.4) (layer B.Fab) (width 0.1))
    (fp_line (start -5.95 3.2) (end -5.95 -4.4) (layer B.Fab) (width 0.1))
    (fp_line (start 5.95 3.2) (end 5.95 -4.4) (layer B.Fab) (width 0.1))
    (fp_line (start -6.6 5.1) (end -6.6 -5.1) (layer B.CrtYd) (width 0.05))
    (fp_line (start -6.6 -5.1) (end 6.6 -5.1) (layer B.CrtYd) (width 0.05))
    (fp_line (start 6.6 -5.1) (end 6.6 5.1) (layer B.CrtYd) (width 0.05))
    (fp_line (start 6.6 5.1) (end -6.6 5.1) (layer B.CrtYd) (width 0.05))
    (fp_line (start -3.5 1.6) (end -3 0.892893) (layer B.Fab) (width 0.1))
    (fp_line (start -3 0.892893) (end -2.5 1.6) (layer B.Fab) (width 0.1))
    (fp_text user %R (at 0 -1.5 270) (layer B.Fab)
      (effects (font (size 1 1) (thickness 0.15)) (justify mirror))
    )
    (pad 1 smd rect (at -3 2.85 270) (size 1 3.5) (layers B.Cu B.Paste B.Mask)
      (net 1 GND))
    (pad 2 smd rect (at -1 2.85 270) (size 1 3.5) (layers B.Cu B.Paste B.Mask)
      (net 2 VCC))
    (pad 3 smd rect (at 1 2.85 270) (size 1 3.5) (layers B.Cu B.Paste B.Mask)
      (net 3 SDA))
    (pad 4 smd rect (at 3 2.85 270) (size 1 3.5) (layers B.Cu B.Paste B.Mask)
      (net 4 SCL))
    (pad MP smd rect (at -5.35 -2.9 270) (size 1.5 3.4) (layers B.Cu B.Paste B.Mask)
      (net 1 GND))
    (pad MP smd rect (at 5.35 -2.9 270) (size 1.5 3.4) (layers B.Cu B.Paste B.Mask)
      (net 1 GND))
    (model ${KISYS3DMOD}/Connector_JST.3dshapes/JST_PH_S4B-PH-SM4-TB_1x04-1MP_P2.00mm_Horizontal.wrl
      (at (xyz 0 0 0))
      (scale (xyz 1 1 1))
      (rotate (xyz 0 0 0))
    )
  )

  (module MountingHole:MountingHole_3.2mm_M3 locked (layer F.Cu) (tedit 5BE32D33) (tstamp 5BE33D71)
    (at 132.5 100)
    (descr "Mounting Hole 3.2mm, no annular, M3")
    (tags "mounting hole 3.2mm no annular m3")
    (attr virtual)
    (fp_text reference REF** (at 0 -4.2) (layer F.SilkS) hide
      (effects (font (size 1 1) (thickness 0.15)))
    )
    (fp_text value MountingHole_3.2mm_M3 (at 0 4.2) (layer F.Fab)
      (effects (font (size 1 1) (thickness 0.15)))
    )
    (fp_circle (center 0 0) (end 3.45 0) (layer F.CrtYd) (width 0.05))
    (fp_circle (center 0 0) (end 3.2 0) (layer Cmts.User) (width 0.15))
    (fp_text user %R (at 0.3 0) (layer F.Fab)
      (effects (font (size 1 1) (thickness 0.15)))
    )
    (pad 1 np_thru_hole circle (at 0 0) (size 3.2 3.2) (drill 3.2) (layers *.Cu *.Mask))
  )

  (gr_arc (start 150.5 111) (end 150.5 113.5) (angle -90) (layer Edge.Cuts) (width 0.15))
  (gr_arc (start 150.5 100) (end 153 100) (angle -90) (layer Edge.Cuts) (width 0.15))
  (gr_arc (start 132.5 111) (end 130 111) (angle -90) (layer Edge.Cuts) (width 0.15))
  (gr_arc (start 132.5 100) (end 132.5 97.5) (angle -90) (layer Edge.Cuts) (width 0.15))
  (gr_line (start 153 111) (end 153 100) (layer Edge.Cuts) (width 0.15))
  (gr_line (start 130 100) (end 130 111) (layer Edge.Cuts) (width 0.15))
  (gr_line (start 132.5 97.5) (end 150.5 97.5) (layer Edge.Cuts) (width 0.15) (tstamp 5BE32698))
  (gr_line (start 132.5 113.5) (end 150.5 113.5) (layer Edge.Cuts) (width 0.15) (tstamp 5BE33940))
  (gr_text Distance (at 131.75 105.5 270) (layer F.SilkS) (tstamp 5ABE5498)
    (effects (font (size 1 1) (thickness 0.2)))
  )

  (via (at 142 112.5) (size 0.6) (drill 0.3) (layers F.Cu B.Cu) (net 1) (tstamp 5BE34434))
  (via (at 137 112.5) (size 0.6) (drill 0.3) (layers F.Cu B.Cu) (net 1) (tstamp 5BE34433) (status 1000000))
  (via (at 139.5 112.5) (size 0.6) (drill 0.3) (layers F.Cu B.Cu) (net 1) (tstamp 5BE34432) (status 1000000))
  (via (at 142 98.5) (size 0.6) (drill 0.3) (layers F.Cu B.Cu) (net 1) (tstamp 5BE3442B))
  (via (at 139.5 98.5) (size 0.6) (drill 0.3) (layers F.Cu B.Cu) (net 1) (tstamp 5BE3442A))
  (via (at 137 98.5) (size 0.6) (drill 0.3) (layers F.Cu B.Cu) (net 1) (tstamp 5BE34429))
  (via (at 130.75 108) (size 0.6) (drill 0.3) (layers F.Cu B.Cu) (net 1) (tstamp 5BE341B2))
  (via (at 130.75 103) (size 0.6) (drill 0.3) (layers F.Cu B.Cu) (net 1) (tstamp 5BE341AE))
  (via (at 130.75 105.5) (size 0.6) (drill 0.3) (layers F.Cu B.Cu) (net 1) (tstamp 5BE34186))
  (via (at 147.5 109.25) (size 0.6) (drill 0.3) (layers F.Cu B.Cu) (net 1) (tstamp 5BE33838))
  (via (at 147.5 110.25) (size 0.6) (drill 0.3) (layers F.Cu B.Cu) (net 1) (tstamp 5BE33837))
  (via (at 151.5 108.25) (size 0.6) (drill 0.3) (layers F.Cu B.Cu) (net 1) (tstamp 5BE337ED))
  (via (at 151.5 107.25) (size 0.6) (drill 0.3) (layers F.Cu B.Cu) (net 1) (tstamp 5BE33412))
  (via (at 147 102.5) (size 0.6) (drill 0.3) (layers F.Cu B.Cu) (net 1) (tstamp 5BE3340D))
  (via (at 147 100.75) (size 0.6) (drill 0.3) (layers F.Cu B.Cu) (net 1) (tstamp 5BE333E6))
  (via (at 148.5 100.75) (size 0.6) (drill 0.3) (layers F.Cu B.Cu) (net 1) (tstamp 5BE333E5))
  (via (at 148.5 99) (size 0.6) (drill 0.3) (layers F.Cu B.Cu) (net 1) (tstamp 5BE3339C))
  (via (at 147 99) (size 0.6) (drill 0.3) (layers F.Cu B.Cu) (net 1))
  (segment (start 145 106.6) (end 145 107.25) (width 0.25) (layer F.Cu) (net 1))
  (segment (start 145 103.4) (end 145 104.75) (width 0.25) (layer F.Cu) (net 1))
  (segment (start 145 104.75) (end 145.25 105) (width 0.25) (layer F.Cu) (net 1))
  (segment (start 145.25 105) (end 145.8 105) (width 0.25) (layer F.Cu) (net 1))
  (segment (start 146.45 104.2) (end 146.75 104.5) (width 0.25) (layer F.Cu) (net 1))
  (segment (start 145.8 104.2) (end 146.45 104.2) (width 0.25) (layer F.Cu) (net 1))
  (segment (start 146.5 105) (end 146.75 105.25) (width 0.25) (layer F.Cu) (net 1))
  (segment (start 145.8 105) (end 146.5 105) (width 0.25) (layer F.Cu) (net 1))
  (segment (start 146.75 104.5) (end 146.75 105.25) (width 0.25) (layer F.Cu) (net 1))
  (segment (start 146.55 105.8) (end 146.75 106) (width 0.25) (layer F.Cu) (net 1))
